10 9e-06
11 1.1e-05
12 1e-05
13 1.2e-05
14 1.3e-05
15 1.2e-05
16 1.4e-05
17 1.4e-05
18 1.9e-05
19 1.7e-05
20 1.9e-05
21 1.9e-05
22 2e-05
23 4e-06
24 2.2e-05
25 2.2e-05
26 2.3e-05
27 2.3e-05
28 2.4e-05
29 2.6e-05
30 2.6e-05
31 2.6e-05
32 2.7e-05
33 2.8e-05
34 2.8e-05
35 2.9e-05
36 3e-05
37 3e-05
38 3.1e-05
39 3.2e-05
40 3.2e-05
41 3.2e-05
42 3.3e-05
43 3.4e-05
44 3.5e-05
45 5.8e-05
46 3.7e-05
47 3.7e-05
48 3.8e-05
49 3.9e-05
50 4e-05
51 4e-05
52 3.9e-05
53 4.1e-05
54 4.4e-05
55 4.3e-05
56 4.4e-05
57 4.9e-05
58 4.6e-05
59 4.7e-05
60 4.8e-05
61 4.7e-05
62 4.8e-05
63 4.7e-05
64 4.5e-05
65 4.5e-05
66 4.5e-05
67 4.6e-05
68 4.6e-05
69 4.8e-05
70 4.8e-05
71 4.9e-05
72 6e-05
73 6.1e-05
74 5.7e-05
75 6e-05
76 5.2e-05
77 5.2e-05
78 5.3e-05
79 5.4e-05
80 5.4e-05
81 5.6e-05
82 6.2e-05
83 5.7e-05
84 5.8e-05
85 6.3e-05
86 6e-05
87 5.9e-05
88 6e-05
89 6e-05
90 6.1e-05
91 6.2e-05
92 6.2e-05
93 6.3e-05
94 6.3e-05
95 7.3e-05
96 6.5e-05
97 6.5e-05
98 6.6e-05
99 6.7e-05
100 9.8e-05
101 6.3e-05
102 6.3e-05
103 6.4e-05
104 6.5e-05
105 6.5e-05
106 6.6e-05
107 6.7e-05
108 6.7e-05
109 6.7e-05
110 6.8e-05
111 6.8e-05
112 6.9e-05
113 7e-05
114 7e-05
115 7.1e-05
116 7.3e-05
117 7.4e-05
118 7.4e-05
119 7.3e-05
120 8e-05
121 7.4e-05
122 7.5e-05
123 8.7e-05
124 9.1e-05
125 8.8e-05
126 8.1e-05
127 7.8e-05
128 7.8e-05
129 7.9e-05
130 8e-05
131 8e-05
132 8.1e-05
133 8.1e-05
134 8.2e-05
135 8.2e-05
136 8.3e-05
137 8.4e-05
138 9.7e-05
139 8.5e-05
140 8.6e-05
141 8.6e-05
142 8.6e-05
143 8.8e-05
144 0.000113
145 8.8e-05
146 8.9e-05
147 9e-05
148 9e-05
149 9.1e-05
150 9.1e-05
151 9.2e-05
152 9.3e-05
153 9.3e-05
154 9.4e-05
155 9.4e-05
156 9.5e-05
157 9.6e-05
158 9.5e-05
159 9.7e-05
160 9.8e-05
161 9.7e-05
162 9.8e-05
163 9.9e-05
164 9.9e-05
165 0.0001
166 0.0001
167 0.000101
168 0.000102
169 0.000102
170 0.000103
171 0.000103
172 0.000105
173 0.000106
174 0.000108
175 0.000121
176 0.000114
177 0.000115
178 0.00012
179 0.000154
180 0.000111
181 0.000115
182 0.00012
183 0.000116
184 0.000119
185 0.000118
186 0.000116
187 0.000116
188 0.000126
189 0.000117
190 0.000124
191 0.000118
192 0.000117
193 0.000128
194 0.00012
195 0.000118
196 0.000121
197 0.000119
198 0.000121
199 0.000122
200 0.000122
201 0.000131
202 0.000149
203 0.000132
204 0.000143
205 0.00013
206 0.000129
207 0.000125
208 0.000128
209 0.00014
210 0.000151
211 0.000128
212 0.000131
213 0.000129
214 0.00014
215 0.000144
216 0.000154
217 0.000123
218 0.000122
219 0.000122
220 0.000124
221 0.00013
222 0.000127
223 0.000128
224 0.000128
225 0.00013
226 0.000135
227 0.000132
228 0.000178
229 0.000122
230 0.00012
231 0.000129
232 0.000121
233 0.000123
234 0.000124
235 0.000123
236 0.000124
237 0.000125
238 0.000125
239 0.000126
240 0.000128
241 0.000128
242 0.000128
243 0.000129
244 0.000129
245 0.000138
246 0.00013
247 0.000147
248 0.000142
249 0.000141
250 0.000155
251 0.000159
252 0.000286
253 0.000166
254 0.000148
255 0.000146
256 0.000152
257 0.00019
258 0.000152
259 0.000153
260 0.000161
261 0.000145
262 0.000145
263 0.000141
264 0.00014
265 0.000141
266 0.000142
267 0.000143
268 0.000161
269 0.000145
270 0.000146
271 0.000144
272 0.000147
273 0.000147
274 0.000146
275 0.000147
276 0.000147
277 0.000147
278 0.000147
279 0.000149
280 0.000161
281 0.000157
282 0.000161
283 0.000155
284 0.000156
285 0.000154
286 0.000155
287 0.00016
288 0.000165
289 0.000158
290 0.000163
291 0.000196
292 0.000148
293 0.000147
294 0.000147
295 0.000155
296 0.000157
297 0.000163
298 0.000155
299 0.000164
300 0.000165
301 0.000174
302 0.000167
303 0.000161
304 0.000173
305 0.000164
306 0.000191
307 0.00016
308 0.000155
309 0.000155
310 0.000156
311 0.000166
312 0.000158
313 0.000156
314 0.000164
315 0.000169
316 0.000175
317 0.000183
318 0.000159
319 0.000164
320 0.00016
321 0.000161
322 0.000166
323 0.000169
324 0.000164
325 0.000164
326 0.000164
327 0.000165
328 0.000165
329 0.000168
330 0.000165
331 0.000169
332 0.000168
333 0.00017
334 0.000171
335 0.000168
336 0.00017
337 0.000171
338 0.000196
339 0.000192
340 0.000195
341 0.000255
342 0.000166
343 0.000171
344 0.000185
345 0.000164
346 0.00017
347 0.00018
348 0.000175
349 0.000172
350 0.000173
351 0.000177
352 0.000177
353 0.000191
354 0.00018
355 0.00018
356 0.000173
357 0.000175
358 0.000174
359 0.000172
360 0.000159
361 0.000159
362 0.000159
363 0.000161
364 0.000165
365 0.00016
366 0.000161
367 0.000162
368 0.000162
369 0.000163
370 0.000165
371 0.000178
372 0.000181
373 0.000176
374 0.000194
375 0.000199
376 0.000179
377 0.000185
378 0.000165
379 0.000166
380 0.000167
381 0.000175
382 0.000168
383 0.00017
384 0.000173
385 0.000171
386 0.000172
387 0.00019
388 0.000186
389 0.000186
390 0.000189
391 0.000195
392 0.000198
393 0.000218
394 0.000202
395 0.000188
396 0.000186
397 0.000187
398 0.000188
399 0.000188
400 0.000188
401 0.000188
402 0.00019
403 0.00019
404 0.000189
405 0.00019
406 0.00019
407 0.00019
408 0.00019
409 0.00019
410 0.000191
411 0.000193
412 0.000192
413 0.000206
414 0.000196
415 0.000201
416 0.000212
417 0.000322
418 0.000203
419 0.000198
420 0.000219
421 0.000251
422 0.000223
423 0.000213
424 0.000207
425 0.000187
426 0.000188
427 0.000189
428 0.000188
429 0.000189
430 0.00019
431 0.00019
432 0.000199
433 0.000207
434 0.000198
435 0.000192
436 0.000193
437 0.000193
438 0.000206
439 0.000205
440 0.000216
441 0.000231
442 0.000209
443 0.000211
444 0.000223
445 0.000216
446 0.000222
447 0.000215
448 0.000231
449 0.000234
450 0.000235
451 0.000235
452 0.000233
453 0.000233
454 0.000228
455 0.000235
456 0.000286
457 0.000236
458 0.000231
459 0.000232
460 0.000233
461 0.000225
462 0.000249
463 0.000234
464 0.000269
465 0.000234
466 0.000236
467 0.000221
468 0.000222
469 0.000221
470 0.000221
471 0.000223
472 0.000224
473 0.000224
474 0.000223
475 0.000223
476 0.000223
477 0.000224
478 0.000248
479 0.000226
480 0.000223
481 0.000225
482 0.00023
483 0.00023
484 0.000234
485 0.000237
486 0.000228
487 0.00023
488 0.000233
489 0.000229
490 0.000237
491 0.000227
492 0.000231
493 0.000231
494 0.000245
495 0.000233
496 0.000234
497 0.000234
498 0.000233
499 0.000233
500 0.000234
501 0.000238
502 0.000238
503 0.000236
504 0.000245
505 0.00024
506 0.000237
507 0.000242
508 0.000239
509 0.000254
510 0.000244
511 0.000246
512 0.000287
513 0.00025
514 0.000246
515 0.000252
516 0.000251
517 0.000253
518 0.00025
519 0.000243
520 0.000245
521 0.000258
522 0.000269
523 0.000285
524 0.000276
525 0.000315
526 0.000279
527 0.000278
528 0.000277
529 0.000273
530 0.000273
531 0.000258
532 0.000266
533 0.000274
534 0.000264
535 0.000273
536 0.000265
537 0.00026
538 0.000267
539 0.000261
540 0.000261
541 0.00026
542 0.000258
543 0.00027
544 0.00026
545 0.000269
546 0.000275
547 0.000271
548 0.000269
549 0.000277
550 0.000279
551 0.00027
552 0.00027
553 0.000262
554 0.000259
555 0.000259
556 0.000259
557 0.000273
558 0.00026
559 0.000261
560 0.000262
561 0.000263
562 0.000266
563 0.000281
564 0.000278
565 0.00027
566 0.000267
567 0.000257
568 0.000264
569 0.000259
570 0.000265
571 0.000285
572 0.000269
573 0.000258
574 0.000259
575 0.00026
576 0.00026
577 0.000261
578 0.00028
579 0.00026
580 0.000255
581 0.000255
582 0.000254
583 0.000255
584 0.000256
585 0.000268
586 0.000257
587 0.000258
588 0.000257
589 0.000258
590 0.000258
591 0.000259
592 0.000259
593 0.00026
594 0.00026
595 0.000261
596 0.000265
597 0.000285
598 0.000282
599 0.000282
600 0.000271
601 0.000271
602 0.000272
603 0.000272
604 0.000274
605 0.000273
606 0.000273
607 0.000274
608 0.000274
609 0.000273
610 0.000274
611 0.000275
612 0.000275
613 0.000282
614 0.000277
615 0.000277
616 0.000277
617 0.000278
618 0.000278
619 0.000278
620 0.000279
621 0.00028
622 0.000279
623 0.000279
624 0.00028
625 0.000281
626 0.000288
627 0.000282
628 0.000283
629 0.000284
630 0.000283
631 0.000284
632 0.000284
633 0.000284
634 0.000284
635 0.000285
636 0.000286
637 0.000286
638 0.000286
639 0.000287
640 0.000301
641 0.000289
642 0.000288
643 0.000289
644 0.000289
645 0.00029
646 0.000289
647 0.00029
648 0.000291
649 0.000292
650 0.000291
651 0.000293
652 0.000293
653 0.000299
654 0.000293
655 0.000294
656 0.000295
657 0.000295
658 0.000295
659 0.000296
660 0.000297
661 0.0003
662 0.000297
663 0.000298
664 0.000298
665 0.000299
666 0.000299
667 0.0003
668 0.0003
669 0.000301
670 0.0003
671 0.000301
672 0.000301
673 0.000302
674 0.000302
675 0.000302
676 0.000303
677 0.000303
678 0.000313
679 0.000305
680 0.000305
681 0.000306
682 0.000306
683 0.000312
684 0.000324
685 0.00032
686 0.000309
687 0.00031
688 0.000324
689 0.000336
690 0.000336
691 0.000335
692 0.000326
693 0.000307
694 0.000306
695 0.000307
696 0.000307
697 0.000308
698 0.000306
699 0.000329
700 0.000306
701 0.000316
702 0.000306
703 0.000306
704 0.000307
705 0.000308
706 0.000309
707 0.000309
708 0.00031
709 0.000309
710 0.00031
711 0.00031
712 0.000311
713 0.000316
714 0.000312
715 0.000312
716 0.000312
717 0.000316
718 0.000313
719 0.000314
720 0.000315
721 0.000315
722 0.000325
723 0.00034
724 0.00034
725 0.000378
726 0.000322
727 0.000316
728 0.000315
729 0.000316
730 0.000327
731 0.00032
732 0.000326
733 0.000332
734 0.000317
735 0.000319
736 0.000319
737 0.000345
738 0.000324
739 0.000323
740 0.000323
741 0.000323
742 0.000324
743 0.000325
744 0.000325
745 0.000326
746 0.000349
747 0.000323
748 0.000332
749 0.000324
750 0.000325
751 0.000325
752 0.000325
753 0.000326
754 0.000327
755 0.000326
756 0.000327
757 0.000328
758 0.000328
759 0.000328
760 0.000336
761 0.00033
762 0.00033
763 0.00033
764 0.000331
765 0.000331
766 0.000331
767 0.000332
768 0.000332
769 0.000333
770 0.000333
771 0.000334
772 0.00034
773 0.000335
774 0.000336
775 0.000335
776 0.000335
777 0.000353
778 0.000353
779 0.000341
780 0.00034
781 0.000341
782 0.000341
783 0.000349
784 0.000342
785 0.000342
786 0.000342
787 0.000343
788 0.000344
789 0.000344
790 0.000344
791 0.000345
792 0.000345
793 0.000345
794 0.000352
795 0.000347
796 0.000347
797 0.000346
798 0.000348
799 0.000348
800 0.000349
801 0.000348
802 0.000349
803 0.00035
804 0.00035
805 0.000356
806 0.000352
807 0.000351
808 0.000352
809 0.000352
810 0.000353
811 0.000353
812 0.000358
813 0.000368
814 0.000361
815 0.000356
816 0.000365
817 0.000358
818 0.000357
819 0.000357
820 0.000358
821 0.000358
822 0.000371
823 0.000359
824 0.000372
825 0.000377
826 0.000378
827 0.000361
828 0.000367
829 0.000366
830 0.000427
831 0.000395
832 0.000372
833 0.000365
834 0.000375
835 0.000376
836 0.000411
837 0.000387
838 0.000376
839 0.000373
840 0.000374
841 0.000374
842 0.000374
843 0.000375
844 0.000374
845 0.000375
846 0.000383
847 0.000376
848 0.000376
849 0.000377
850 0.000378
851 0.000378
852 0.000378
853 0.000379
854 0.000379
855 0.00038
856 0.000391
857 0.00038
858 0.000381
859 0.000393
860 0.000405
861 0.000409
862 0.000408
863 0.000408
864 0.000402
865 0.000406
866 0.000386
867 0.000386
868 0.000385
869 0.000385
870 0.000387
871 0.000395
872 0.000377
873 0.000396
874 0.000378
875 0.000389
876 0.000379
877 0.000378
878 0.000379
879 0.000381
880 0.000381
881 0.00038
882 0.000381
883 0.000382
884 0.000383
885 0.000397
886 0.000383
887 0.000384
888 0.000384
889 0.000384
890 0.000385
891 0.000386
892 0.000385
893 0.000386
894 0.000387
895 0.000392
896 0.000388
897 0.000389
898 0.000388
899 0.000389
900 0.000389
901 0.000389
902 0.00039
903 0.000391
904 0.000391
905 0.000436
906 0.00041
907 0.000392
908 0.000393
909 0.000393
910 0.000393
911 0.000395
912 0.000395
913 0.000394
914 0.000395
915 0.000404
916 0.000396
917 0.000397
918 0.000398
919 0.000398
920 0.000398
921 0.000399
922 0.000399
923 0.000398
924 0.0004
925 0.000408
926 0.000403
927 0.000404
928 0.000404
929 0.000404
930 0.000404
931 0.000405
932 0.000415
933 0.000414
934 0.000421
935 0.000415
936 0.000414
937 0.000415
938 0.000416
939 0.000416
940 0.000415
941 0.000416
942 0.000417
943 0.000423
944 0.00044
945 0.000438
946 0.000439
947 0.000436
948 0.000423
949 0.000428
950 0.000459
951 0.000497
952 0.00044
953 0.000438
954 0.000429
955 0.000428
956 0.000428
957 0.000426
958 0.000423
959 0.000424
960 0.000441
961 0.000425
962 0.000426
963 0.000426
964 0.000427
965 0.000427
966 0.000427
967 0.000428
968 0.000428
969 0.000435
970 0.000429
971 0.000429
972 0.00043
973 0.000431
974 0.000431
975 0.000431
976 0.000432
977 0.000433
978 0.000443
979 0.00045
980 0.00044
981 0.000434
982 0.000436
983 0.000436
984 0.000436
985 0.000435
986 0.000445
987 0.000441
988 0.000438
989 0.000437
990 0.000438
991 0.000439
992 0.000439
993 0.000439
994 0.000439
995 0.000449
996 0.00044
997 0.000441
998 0.000442
999 0.000441
1000 0.000442
