10 5.7e-08
20 5.6e-08
30 6.5e-08
40 6.7e-08
50 7.5e-08
60 7.6e-08
70 7.4e-08
80 7.4e-08
90 8e-08
100 8.5e-08
110 8.3e-08
120 8.4e-08
130 8.3e-08
140 8.1e-08
150 8.1e-08
160 7.9e-08
170 7.9e-08
180 7.5e-08
190 8.4e-08
200 5.3e-08
210 5.4e-08
220 5.4e-08
230 5.3e-08
240 5.4e-08
250 5.3e-08
260 7.2e-08
270 5.4e-08
280 5.4e-08
290 5.9e-08
300 6.8e-08
310 7.9e-08
320 8.1e-08
330 5.4e-08
340 5.3e-08
350 5.3e-08
360 5.7e-08
370 5.4e-08
380 5.3e-08
390 6.5e-08
400 6.7e-08
410 6.6e-08
420 6.8e-08
430 6.7e-08
440 6.5e-08
450 7.2e-08
460 7.4e-08
470 7.5e-08
480 8.2e-08
490 8.8e-08
500 8.6e-08
510 8.5e-08
520 8.6e-08
530 8.5e-08
540 8.9e-08
550 9.5e-08
560 9.5e-08
570 9.4e-08
580 9.8e-08
590 9.5e-08
600 1.01e-07
610 9.3e-08
620 9.4e-08
630 9.2e-08
640 9.1e-08
650 9.2e-08
660 9.5e-08
670 9.5e-08
680 9.5e-08
690 1.01e-07
700 9.7e-08
710 9.6e-08
720 1.03e-07
730 9e-08
740 9.3e-08
750 9.7e-08
760 9.6e-08
770 1.04e-07
780 1.12e-07
790 1.03e-07
800 1.01e-07
810 1e-07
820 1.04e-07
830 1.02e-07
840 1.03e-07
850 1.03e-07
860 1.03e-07
870 1.08e-07
880 1.01e-07
890 8.9e-08
900 7.7e-08
910 7.8e-08
920 7.7e-08
930 7.7e-08
940 7.7e-08
950 7.6e-08
960 7.7e-08
970 7.7e-08
980 8e-08
990 7.7e-08
1000 7.6e-08