100 2.11801e-06
200 2.97102e-06
300 3.76902e-06
400 4.20702e-06
500 4.43602e-06
600 4.878e-06
700 5.159e-06
800 5.25897e-06
900 5.52e-06
1000 5.92803e-06
1100 6.459e-06
1200 6.90097e-06
1300 7.24396e-06
1400 7.646e-06
1500 8.07803e-06
1600 8.531e-06
1700 9.155e-06
1800 9.65298e-06
1900 1.0222e-05
2000 1.05859e-05
2100 1.0032e-05
2200 1.04659e-05
2300 1.08869e-05
2400 1.1304e-05
2500 1.1751e-05
2600 1.21741e-05
2700 1.26011e-05
2800 1.30451e-05
2900 1.3465e-05
3000 1.38919e-05
3100 1.43399e-05
3200 1.47819e-05
3300 1.5219e-05
3400 1.5619e-05
3500 1.60751e-05
3600 1.65111e-05
3700 1.69371e-05
3800 1.74231e-05
3900 1.7759e-05
4000 1.8228e-05
4100 1.8673e-05
4200 1.90971e-05
4300 1.9574e-05
4400 1.99789e-05
4500 2.06609e-05
4600 2.0822e-05
4700 2.12859e-05
4800 2.17839e-05
4900 2.21098e-05
5000 2.26139e-05
5100 2.29779e-05
5200 2.3462e-05
5300 2.38731e-05
5400 2.42852e-05
5500 2.47742e-05
5600 2.52343e-05
5700 2.56722e-05
5800 2.60902e-05
5900 2.65343e-05
6000 2.69333e-05
6100 2.78201e-05
6200 2.86209e-05
6300 2.85418e-05
6400 2.87088e-05
6500 2.93719e-05
6600 2.96009e-05
6700 3.01459e-05
6800 3.04949e-05
6900 3.089e-05
7000 3.1388e-05
7100 3.17801e-05
7200 3.22131e-05
7300 3.26271e-05
7400 3.30861e-05
7500 3.35161e-05
7600 3.42961e-05
7700 3.44291e-05
7800 3.48148e-05
7900 3.53046e-05
8000 3.57797e-05
8100 3.63109e-05
8200 3.65148e-05
8300 3.69878e-05
8400 3.75018e-05
8500 3.7858e-05
8600 3.83371e-05
8700 3.87201e-05
8800 3.9166e-05
8900 3.9591e-05
9000 4.00369e-05
9100 4.10449e-05
9200 4.09171e-05
9300 4.14392e-05
9400 4.17541e-05
9500 4.2213e-05
9600 4.26819e-05
9700 4.3059e-05
9800 4.36469e-05
9900 4.39258e-05
10000 4.43728e-05
10100 4.4886e-05
10200 4.52392e-05
10300 4.56501e-05
10400 4.61949e-05
10500 4.67308e-05
10600 4.70117e-05
10700 4.74027e-05
10800 4.7858e-05
10900 4.83442e-05
11000 4.8719e-05
11100 4.96318e-05
11200 5.01791e-05
11300 5.09542e-05
11400 5.04863e-05
11500 5.1654e-05
11600 5.12957e-05
11700 5.1858e-05
11800 5.21333e-05
11900 5.25992e-05
12000 5.3088e-05
12100 5.3568e-05
12200 5.40194e-05
12300 5.44426e-05
12400 5.48154e-05
12500 5.52712e-05
12600 5.56369e-05
12700 5.61167e-05
12800 5.64698e-05
12900 5.69851e-05
13000 5.72953e-05
13100 5.81951e-05
13200 5.8285e-05
13300 5.8867e-05
13400 5.90772e-05
13500 5.95032e-05
13600 5.9961e-05
13700 6.04219e-05
13800 6.07922e-05
13900 6.12485e-05
14000 6.15973e-05
14100 6.21441e-05
14200 6.25718e-05
14300 6.31546e-05
14400 6.34965e-05
14500 6.37849e-05
14600 6.43382e-05
14700 6.471e-05
14800 6.52238e-05
14900 6.55917e-05
15000 6.60559e-05
15100 6.6483e-05
15200 6.7042e-05
15300 6.73639e-05
15400 6.78211e-05
15500 6.81174e-05
15600 6.86823e-05
15700 6.9029e-05
15800 6.94777e-05
15900 6.99324e-05
16000 7.05693e-05
16100 7.08225e-05
16200 7.13417e-05
16300 7.15708e-05
16400 7.21389e-05
16500 7.2433e-05
16600 7.30172e-05
16700 7.33975e-05
16800 7.401e-05
16900 7.42317e-05
17000 7.47566e-05
17100 7.64218e-05
17200 7.5656e-05
17300 7.60342e-05
17400 7.63783e-05
17500 7.69286e-05
17600 7.76687e-05
17700 7.79356e-05
17800 7.81783e-05
17900 7.85809e-05
18000 7.91416e-05
18100 7.94843e-05
18200 7.99215e-05
18300 8.04697e-05
18400 8.08269e-05
18500 8.13312e-05
18600 8.16194e-05
18700 8.21234e-05
18800 8.25704e-05
18900 8.29191e-05
19000 8.34358e-05
19100 8.39808e-05
19200 8.4442e-05
19300 8.47122e-05
19400 8.51895e-05
19500 8.53538e-05
19600 8.59594e-05
19700 8.63741e-05
19800 8.69801e-05
19900 8.73352e-05
20000 8.77261e-05
20100 8.81758e-05
20200 8.85664e-05
20300 8.90366e-05
20400 8.94567e-05
20500 8.9892e-05
20600 9.01463e-05
20700 9.06156e-05
20800 9.10016e-05
20900 9.15466e-05
21000 9.18952e-05
21100 9.24877e-05
21200 9.28584e-05
21300 9.33371e-05
21400 9.3912e-05
21500 9.4178e-05
21600 9.46592e-05
21700 9.52438e-05
21800 9.55363e-05
21900 9.58844e-05
22000 9.64153e-05
22100 9.67272e-05
22200 9.71697e-05
22300 9.76864e-05
22400 9.82217e-05
22500 9.85775e-05
22600 9.90161e-05
22700 0.000100247
22800 9.98419e-05
22900 0.000100382
23000 0.000100703
23100 0.000101033
23200 0.000101499
23300 0.000101918
23400 0.000102391
23500 0.00010298
23600 0.000103228
23700 0.000103654
23800 0.000104167
23900 0.000104489
24000 0.000104964
24100 0.000105452
24200 0.00010583
24300 0.00010616
24400 0.000106685
24500 0.00010704
24600 0.000107772
24700 0.000107987
24800 0.000108358
24900 0.000108812
25000 0.00010922
25100 0.000109675
25200 0.000110232
25300 0.000110573
25400 0.000110976
25500 0.000111502
25600 0.000111834
25700 0.000112317
25800 0.000112598
25900 0.000113127
26000 0.000113514
26100 0.000113915
26200 0.000114529
26300 0.000114876
26400 0.000115213
26500 0.000115732
26600 0.000116119
26700 0.000116636
26800 0.000117187
26900 0.00011755
27000 0.000117963
27100 0.000119073
27200 0.000118784
27300 0.00011929
27400 0.000119647
27500 0.000120029
27600 0.000120467
27700 0.000120877
27800 0.000121394
27900 0.000121779
28000 0.000122206
28100 0.000122604
28200 0.000123213
28300 0.000123518
28400 0.000123941
28500 0.000124301
28600 0.000124786
28700 0.000125455
28800 0.00012553
28900 0.000126058
29000 0.000126595
29100 0.000126885
29200 0.000127501
29300 0.000127797
29400 0.000128289
29500 0.000128612
29600 0.000129133
29700 0.000129562
29800 0.000129959
29900 0.000130362
30000 0.000130772
30100 0.000131328
30200 0.000131677
30300 0.000132648
30400 0.000140789
30500 0.000132986
30600 0.000133407
30700 0.000134048
30800 0.000134272
30900 0.000134764
31000 0.000135301
31100 0.000135675
31200 0.000136149
31300 0.000136466
31400 0.000137309
31500 0.000137376
31600 0.000138064
31700 0.000138369
31800 0.000138687
31900 0.000139366
32000 0.000139564
32100 0.000140052
32200 0.000140404
32300 0.00014091
32400 0.000141416
32500 0.000141639
32600 0.000142112
32700 0.000142633
32800 0.000144275
32900 0.000144573
33000 0.00014397
33100 0.000144284
33200 0.000144729
33300 0.00014516
33400 0.000145385
33500 0.000146051
33600 0.000146346
33700 0.000147047
33800 0.000147131
33900 0.000147759
34000 0.000148035
34100 0.000148391
34200 0.000148983
34300 0.000149494
34400 0.000150217
34500 0.000150207
34600 0.000150614
34700 0.000151276
34800 0.000151472
34900 0.000151936
35000 0.00015257
35100 0.000152867
35200 0.00015341
35300 0.000153701
35400 0.000154017
35500 0.000154751
35600 0.000155029
35700 0.000156181
35800 0.000155866
35900 0.000156471
36000 0.000156732
36100 0.000157221
36200 0.000157519
36300 0.000158656
36400 0.000158396
36500 0.000158841
36600 0.000159369
36700 0.000159781
36800 0.000160113
36900 0.000160807
37000 0.000161051
37100 0.000161381
37200 0.000161986
37300 0.000162181
37400 0.000162909
37500 0.000163273
37600 0.000163911
37700 0.000164382
37800 0.00016457
37900 0.000165156
38000 0.000165223
38100 0.00016638
38200 0.000166777
38300 0.000166679
38400 0.000167038
38500 0.000167755
38600 0.000168064
38700 0.000168487
38800 0.000169268
38900 0.000169282
39000 0.000169609
39100 0.000170202
39200 0.000170775
39300 0.000171213
39400 0.000171438
39500 0.000172026
39600 0.000172394
39700 0.000172713
39800 0.000173089
39900 0.000173692
40000 0.000174024
40100 0.00017444
40200 0.000175033
40300 0.000175345
40400 0.000175706
40500 0.000176367
40600 0.000176659
40700 0.000176964
40800 0.000177382
40900 0.000178055
41000 0.000178316
41100 0.0001787
41200 0.000179387
41300 0.000179588
41400 0.000180041
41500 0.000180705
41600 0.000181055
41700 0.000181459
41800 0.00018196
41900 0.000182501
42000 0.000182715
42100 0.000183144
42200 0.000183841
42300 0.00018406
42400 0.000184532
42500 0.000185086
42600 0.000185081
42700 0.000185953
42800 0.000186351
42900 0.000186543
43000 0.000187034
43100 0.000187508
43200 0.000187904
43300 0.000188207
43400 0.000188604
43500 0.000189269
43600 0.000189291
43700 0.000190026
43800 0.000190591
43900 0.000190738
44000 0.000191243
44100 0.000191854
44200 0.000192233
44300 0.000192574
44400 0.000193118
44500 0.000193433
44600 0.000194013
44700 0.000194448
44800 0.000194869
44900 0.000195162
45000 0.000195785
45100 0.0001961
45200 0.000196455
45300 0.000197099
45400 0.00019745
45500 0.000197657
45600 0.000198425
45700 0.00019856
45800 0.00019911
45900 0.000199698
46000 0.000199945
46100 0.000200237
46200 0.000200839
46300 0.000201246
46400 0.000201619
46500 0.000202191
46600 0.000202516
46700 0.000203042
46800 0.000203686
46900 0.000203919
47000 0.000204126
47100 0.000204969
47200 0.000205254
47300 0.000205577
47400 0.000209985
47500 0.000206389
47600 0.000206881
47700 0.000207705
47800 0.000207671
47900 0.000208168
48000 0.000208656
48100 0.000209244
48200 0.000209471
48300 0.000209896
48400 0.000210217
48500 0.000216558
48600 0.000214797
48700 0.000211655
48800 0.000212454
48900 0.000212594
49000 0.000212871
49100 0.000213622
49200 0.000213716
49300 0.000214088
49400 0.000214834
49500 0.000215098
49600 0.00021607
49700 0.000215843
49800 0.000216379
49900 0.000216941
50000 0.000217036
50100 0.000217515
50200 0.000218145
50300 0.0002184
50400 0.000218929
50500 0.000219626
50600 0.00021978
50700 0.000220208
50800 0.000220592
50900 0.000221221
51000 0.000221722
51100 0.000221946
51200 0.000222472
51300 0.000222916
51400 0.000223384
51500 0.000223907
51600 0.000224213
51700 0.000224572
51800 0.000225101
51900 0.000225715
52000 0.000226236
52100 0.000226413
52200 0.000226669
52300 0.000227403
52400 0.000227918
52500 0.00022829
52600 0.000228841
52700 0.000229639
52800 0.000229173
52900 0.000229766
53000 0.00023013
53100 0.000230635
53200 0.00023115
53300 0.00023131
53400 0.000231969
53500 0.000232261
53600 0.000233084
53700 0.000233099
53800 0.000233561
53900 0.000234115
54000 0.000234649
54100 0.00023508
54200 0.000235261
54300 0.0002358
54400 0.000236662
54500 0.000236464
54600 0.000237008
54700 0.000237454
54800 0.000237804
54900 0.000238673
55000 0.000238692
55100 0.000239461
55200 0.000239726
55300 0.000240293
55400 0.000240576
55500 0.000241093
55600 0.000241467
55700 0.000242669
55800 0.000242282
55900 0.000242793
56000 0.000243086
56100 0.000244038
56200 0.000243862
56300 0.000244104
56400 0.000244935
56500 0.000245433
56600 0.000245847
56700 0.000246046
56800 0.000247885
56900 0.000248915
57000 0.000249248
57100 0.000248313
57200 0.000248522
57300 0.000249118
57400 0.000249039
57500 0.000249515
57600 0.000252867
57700 0.000250472
57800 0.000250904
57900 0.0002513
58000 0.000251676
58100 0.000252629
58200 0.000252502
58300 0.000253116
58400 0.00025344
58500 0.000254139
58600 0.000254258
58700 0.000254894
58800 0.000255453
58900 0.000255668
59000 0.000256295
59100 0.000256306
59200 0.000256939
59300 0.000257222
59400 0.000257684
59500 0.00025825
59600 0.000258592
59700 0.000259124
59800 0.000259316
59900 0.000260073
60000 0.000260245
60100 0.000260635
60200 0.000261102
60300 0.000261556
60400 0.000262136
60500 0.000262469
60600 0.000263158
60700 0.000263643
60800 0.00026396
60900 0.000264144
61000 0.000264585
61100 0.000265351
61200 0.000265707
61300 0.000266178
61400 0.000266385
61500 0.000267195
61600 0.000267154
61700 0.000267929
61800 0.000268036
61900 0.000268448
62000 0.000269023
62100 0.000269378
62200 0.000280899
62300 0.000270299
62400 0.00027075
62500 0.000271281
62600 0.00027177
62700 0.000272196
62800 0.000272703
62900 0.000272888
63000 0.00027353
63100 0.000273751
63200 0.00027427
63300 0.000275199
63400 0.000275245
63500 0.000275653
63600 0.000276087
63700 0.000276244
63800 0.000276772
63900 0.000277332
64000 0.000277548
64100 0.00027848
64200 0.000278493
64300 0.000279147
64400 0.000279381
64500 0.00027975
64600 0.000280327
64700 0.000280505
64800 0.000281483
64900 0.000281471
65000 0.000282135
65100 0.000282572
65200 0.00028296
65300 0.000283126
65400 0.000283931
65500 0.000284039
65600 0.000284542
65700 0.00028483
65800 0.000285416
65900 0.000285871
66000 0.000286326
66100 0.000286489
66200 0.000287243
66300 0.00028751
66400 0.000287983
66500 0.000288292
66600 0.000288488
66700 0.000289274
66800 0.000289466
66900 0.000290349
67000 0.000290359
67100 0.000291046
67200 0.00029133
67300 0.000291859
67400 0.000292145
67500 0.000292744
67600 0.000293141
67700 0.000293575
67800 0.000293881
67900 0.000294492
68000 0.000294945
68100 0.00029528
68200 0.000295608
68300 0.000296228
68400 0.000296446
68500 0.000296961
68600 0.000297427
68700 0.000297838
68800 0.000298231
68900 0.000298827
69000 0.000299066
69100 0.000299629
69200 0.000299965
69300 0.000300406
69400 0.000300792
69500 0.000301331
69600 0.000301761
69700 0.00030225
69800 0.000302598
69900 0.000302857
70000 0.000303046
70100 0.000303934
70200 0.00030438
70300 0.000305027
70400 0.000305299
70500 0.000305873
70600 0.000306059
70700 0.000306594
70800 0.000306796
70900 0.000307551
71000 0.000307782
71100 0.000308356
71200 0.000308909
71300 0.0003093
71400 0.00030953
71500 0.000310019
71600 0.000310384
71700 0.000310738
71800 0.000311307
71900 0.000311703
72000 0.000312216
72100 0.000312759
72200 0.000313015
72300 0.000313195
72400 0.000313893
72500 0.000314412
72600 0.000314688
72700 0.000314969
72800 0.000315644
72900 0.000315985
73000 0.000316474
73100 0.000316832
73200 0.000317416
73300 0.000317878
73400 0.000318188
73500 0.000318514
73600 0.000318925
73700 0.000319734
73800 0.000319675
73900 0.000320242
74000 0.000320576
74100 0.000321247
74200 0.000321522
74300 0.000322114
74400 0.000322948
74500 0.000323031
74600 0.000323308
74700 0.000323709
74800 0.0003242
74900 0.000324525
75000 0.00032545
75100 0.000325456
75200 0.000326014
75300 0.000326747
75400 0.000326859
75500 0.000327171
75600 0.000327845
75700 0.000328312
75800 0.000328385
75900 0.000328888
76000 0.000329167
76100 0.000329795
76200 0.000330166
76300 0.00033058
76400 0.00033101
76500 0.000331727
76600 0.000332006
76700 0.000332502
76800 0.000333029
76900 0.000333226
77000 0.000333945
77100 0.000334115
77200 0.000334624
77300 0.00033486
77400 0.000335686
77500 0.000335989
77600 0.000335763
77700 0.00033692
77800 0.000337042
77900 0.000337571
78000 0.000338156
78100 0.000338
78200 0.000338816
78300 0.000339656
78400 0.000339838
78500 0.000340105
78600 0.00034084
78700 0.000340934
78800 0.000341411
78900 0.000341894
79000 0.000342262
79100 0.000342658
79200 0.00034308
79300 0.000343615
79400 0.000354204
79500 0.000344498
79600 0.000344972
79700 0.000345402
79800 0.000345788
79900 0.000346062
80000 0.000346778
80100 0.000347058
80200 0.000347549
80300 0.000348025
80400 0.000348214
80500 0.000348875
80600 0.000349254
80700 0.000350032
80800 0.000350085
80900 0.000350479
81000 0.000350948
81100 0.000351231
81200 0.0003521
81300 0.000352164
81400 0.000352764
81500 0.000353171
81600 0.000353416
81700 0.000354213
81800 0.000354318
81900 0.000355206
82000 0.000355415
82100 0.000355549
82200 0.000356227
82300 0.000356669
82400 0.00035711
82500 0.000357528
82600 0.000357998
82700 0.0003583
82800 0.000358712
82900 0.000359108
83000 0.0003598
83100 0.000359909
83200 0.000360397
83300 0.000360684
83400 0.000361417
83500 0.000361845
83600 0.000362287
83700 0.00036289
83800 0.000363007
83900 0.000363711
84000 0.000364069
84100 0.000364409
84200 0.000365132
84300 0.000365318
84400 0.000365795
84500 0.000366258
84600 0.000366373
84700 0.000367135
84800 0.000367489
84900 0.000367775
85000 0.000368822
85100 0.000368637
85200 0.000369371
85300 0.000369991
85400 0.000369895
85500 0.000370684
85600 0.000370879
85700 0.000371288
85800 0.000371907
85900 0.000372189
86000 0.000372751
86100 0.000373276
86200 0.000373325
86300 0.000374767
86400 0.000374515
86500 0.000374784
86600 0.000375367
86700 0.000375553
86800 0.000376182
86900 0.000376661
87000 0.000376883
87100 0.000377583
87200 0.000377994
87300 0.000378274
87400 0.000378847
87500 0.000378972
87600 0.000379804
87700 0.00038027
87800 0.000380359
87900 0.000380965
88000 0.000381173
88100 0.000381328
88200 0.000382403
88300 0.000382581
88400 0.000383074
88500 0.000383555
88600 0.000383924
88700 0.000384299
88800 0.000384635
88900 0.000385127
89000 0.000385755
89100 0.000386128
89200 0.000386622
89300 0.000387029
89400 0.000387498
89500 0.000387648
89600 0.000388201
89700 0.00038892
89800 0.000389288
89900 0.000389659
90000 0.000390007
90100 0.000390249
90200 0.000390788
90300 0.000391223
90400 0.000391393
90500 0.000392046
90600 0.000392353
90700 0.000392404
90800 0.000393329
90900 0.000393633
91000 0.000394301
91100 0.000394657
91200 0.000394883
91300 0.000395684
91400 0.000395868
91500 0.000396337
91600 0.000396908
91700 0.000397393
91800 0.000397733
91900 0.000398229
92000 0.000398614
92100 0.000398905
92200 0.000399533
92300 0.000400112
92400 0.000400259
92500 0.000400901
92600 0.00040122
92700 0.000401506
92800 0.000402385
92900 0.00040251
93000 0.000402856
93100 0.000403335
93200 0.000403712
93300 0.000404193
93400 0.000404607
93500 0.000405299
93600 0.000405594
93700 0.000405895
93800 0.000406417
93900 0.000406822
94000 0.000407262
94100 0.000407629
94200 0.000408084
94300 0.000408418
94400 0.000408898
94500 0.000409259
94600 0.000409634
94700 0.000409912
94800 0.000410655
94900 0.000410931
95000 0.000411889
95100 0.000411903
95200 0.00041246
95300 0.000413143
95400 0.000413373
95500 0.000413712
95600 0.00041401
95700 0.000414631
95800 0.000414972
95900 0.000415324
96000 0.000415816
96100 0.000416149
96200 0.000416692
96300 0.000417172
96400 0.000417275
96500 0.000427763
96600 0.000418441
96700 0.000419206
96800 0.000419314
96900 0.00041968
97000 0.000420221
97100 0.000420823
97200 0.000421068
97300 0.000421318
97400 0.000422052
97500 0.00042229
97600 0.000422794
97700 0.000423136
97800 0.000423842
97900 0.000423655
98000 0.00042447
98100 0.000424982
98200 0.000425468
98300 0.000425705
98400 0.000426284
98500 0.000426748
98600 0.000427011
98700 0.000427516
98800 0.000428453
98900 0.000428356
99000 0.000428761
99100 0.000429064
99200 0.000429644
99300 0.000429919
99400 0.000430391
99500 0.000431174
99600 0.000431328
99700 0.000431701
99800 0.000432256
99900 0.000432852
100000 0.000432973
100100 0.000433524
100200 0.000433895
100300 0.000434096
100400 0.000434767
100500 0.0004351
100600 0.00043582
100700 0.000436599
100800 0.0004365
100900 0.000436976
101000 0.000437429
101100 0.000437949
101200 0.000437919
101300 0.000438871
101400 0.000439254
101500 0.000439413
101600 0.000439941
101700 0.000440281
101800 0.000440923
101900 0.000441203
102000 0.000441885
102100 0.000442108
102200 0.000442864
102300 0.00044295
102400 0.000443474
102500 0.000443882
102600 0.000444309
102700 0.000444621
102800 0.000445313
102900 0.000445692
103000 0.000446008
103100 0.000446455
103200 0.000446914
103300 0.000447435
103400 0.000447793
103500 0.000448265
103600 0.000448673
103700 0.000448994
103800 0.000449469
103900 0.000449756
104000 0.000450434
104100 0.000450818
104200 0.000451342
104300 0.000453514
104400 0.000452318
104500 0.000452437
104600 0.00045309
104700 0.000453342
104800 0.000453874
104900 0.000454374
105000 0.000454835
105100 0.000455103
105200 0.000455547
105300 0.000456047
105400 0.000456518
105500 0.00045688
105600 0.000457533
105700 0.000457918
105800 0.000458261
105900 0.000458674
106000 0.000458922
106100 0.000459415
106200 0.000460055
106300 0.000460213
106400 0.000460702
106500 0.000461297
106600 0.000461827
106700 0.000462067
106800 0.000462377
106900 0.000462926
107000 0.000463332
107100 0.000463817
107200 0.000464012
107300 0.000465725
107400 0.000464971
107500 0.000465775
107600 0.000465763
107700 0.00046629
107800 0.000466723
107900 0.00046712
108000 0.000467592
108100 0.000468124
108200 0.00046835
108300 0.000468848
108400 0.000469248
108500 0.000469739
108600 0.000470091
108700 0.000470417
108800 0.000471044
108900 0.000472147
109000 0.000471974
109100 0.000472237
109200 0.000473013
109300 0.000473285
109400 0.000473826
109500 0.000474044
109600 0.000474543
109700 0.000474505
109800 0.000475469
109900 0.000475787
110000 0.00047626
110100 0.000476583
110200 0.000477188
110300 0.000477556
110400 0.000478139
110500 0.000478609
110600 0.00047883
110700 0.000479292
110800 0.000479726
110900 0.000480336
111000 0.000480816
111100 0.000481012
111200 0.000481566
111300 0.000482084
111400 0.000482413
111500 0.000482807
111600 0.000483013
111700 0.000483751
111800 0.000484213
111900 0.000484955
112000 0.000485047
112100 0.000485209
112200 0.000485488
112300 0.000486195
112400 0.000486555
112500 0.000487087
112600 0.00048744
112700 0.000487732
112800 0.000488302
112900 0.000488893
113000 0.000489101
113100 0.000489602
113200 0.000489757
113300 0.000490401
113400 0.000490856
113500 0.000491428
113600 0.000491877
113700 0.00049241
113800 0.000492566
113900 0.000493608
114000 0.000493461
114100 0.000503928
114200 0.000494396
114300 0.000495101
114400 0.000495107
114500 0.000496106
114600 0.000496171
114700 0.000496457
114800 0.000496965
114900 0.000497634
115000 0.000497731
115100 0.000498517
115200 0.000498625
115300 0.000499337
115400 0.000499591
115500 0.000499945
115600 0.000500259
115700 0.00050089
115800 0.000501175
115900 0.000501814
116000 0.000502151
116100 0.000502748
116200 0.000502779
116300 0.000503485
116400 0.00050382
116500 0.000504507
116600 0.000504653
116700 0.000505291
116800 0.000505611
116900 0.000506228
117000 0.000506436
117100 0.000506949
117200 0.000507879
117300 0.000518274
117400 0.000513377
117500 0.000512892
117600 0.00051191
117700 0.000512389
117800 0.000512313
117900 0.000512914
118000 0.000513241
118100 0.000513556
118200 0.000513211
118300 0.000513556
118400 0.000513551
118500 0.000515069
118600 0.000514898
118700 0.000514768
118800 0.000515071
118900 0.000515744
119000 0.000515503
119100 0.000516429
119200 0.000527463
119300 0.000543633
119400 0.000517466
119500 0.000518613
119600 0.000517751
119700 0.000518447
119800 0.000518563
119900 0.000519495
120000 0.000519415
120100 0.000520114
120200 0.000520568
120300 0.000520904
120400 0.000521058
120500 0.000521323
120600 0.000522196
120700 0.000522396
120800 0.000522989
120900 0.000523178
121000 0.000523782
121100 0.000524231
121200 0.000524674
121300 0.000525283
121400 0.000525409
121500 0.000526178
121600 0.000526622
121700 0.00052748
121800 0.000528258
121900 0.000528339
122000 0.000528614
122100 0.000529173
122200 0.000529119
122300 0.000529591
122400 0.000530285
122500 0.000530284
122600 0.000530683
122700 0.000531344
122800 0.000531708
122900 0.000531927
123000 0.000532667
123100 0.000532873
123200 0.000533463
123300 0.0005338
123400 0.000534247
123500 0.000534676
123600 0.00053468
123700 0.000536117
123800 0.000536465
123900 0.0005366
124000 0.000536991
124100 0.000537466
124200 0.000537832
124300 0.000538737
124400 0.000538787
124500 0.000539431
124600 0.000539527
124700 0.000540093
124800 0.000540138
124900 0.000540661
125000 0.000540964
125100 0.000541624
125200 0.00054192
125300 0.00054258
125400 0.00054323
125500 0.000543785
125600 0.000544011
125700 0.00054417
125800 0.000544711
125900 0.000545014
126000 0.000545541
126100 0.000545823
126200 0.000546701
126300 0.00054666
126400 0.000547222
126500 0.000547742
126600 0.000548393
126700 0.000548594
126800 0.000549005
126900 0.000549393
127000 0.000549714
127100 0.000550263
127200 0.000550615
127300 0.000551145
127400 0.000551717
127500 0.000552159
127600 0.000552421
127700 0.000552812
127800 0.000553393
127900 0.000553728
128000 0.000554293
128100 0.00055482
128200 0.000554828
128300 0.00055576
128400 0.000556222
128500 0.000556514
128600 0.000566627
128700 0.000557994
128800 0.00055742
128900 0.000559094
129000 0.000559835
129100 0.000559491
129200 0.000559871
129300 0.00055976
129400 0.000560177
129500 0.000560371
129600 0.000560956
129700 0.0005613
129800 0.000561862
129900 0.000562299
130000 0.000562918
130100 0.000563349
130200 0.000563498
130300 0.000563959
130400 0.000564307
130500 0.000564955
130600 0.000565341
130700 0.000565676
130800 0.000577048
130900 0.000566548
131000 0.00056713
131100 0.000567655
131200 0.000568055
131300 0.000568553
131400 0.000568828
131500 0.000569086
131600 0.000569587
131700 0.000570087
131800 0.000570428
131900 0.000570864
132000 0.000571214
132100 0.000572895
132200 0.000571755
132300 0.000572617
132400 0.000572939
132500 0.000573398
132600 0.000573949
132700 0.000574272
132800 0.000574591
132900 0.000575807
133000 0.000575582
133100 0.000576276
133200 0.000576184
133300 0.000576707
133400 0.000577352
133500 0.000578153
133600 0.000578101
133700 0.000578771
133800 0.000579143
133900 0.000579548
134000 0.000579881
134100 0.000580368
134200 0.000580737
134300 0.00058127
134400 0.000581748
134500 0.000581732
134600 0.000582687
134700 0.000583202
134800 0.000583473
134900 0.000583848
135000 0.00058431
135100 0.000585176
135200 0.000585657
135300 0.000585988
135400 0.000586172
135500 0.00058675
135600 0.000586747
135700 0.00058726
135800 0.000587824
135900 0.000588055
136000 0.000588571
136100 0.00058894
136200 0.000589523
136300 0.000589879
136400 0.000590342
136500 0.000590738
136600 0.000591074
136700 0.000591606
136800 0.000592162
136900 0.000592542
137000 0.000592961
137100 0.000593489
137200 0.000593696
137300 0.0005944
137400 0.000595206
137500 0.000595434
137600 0.000595625
137700 0.000596328
137800 0.000596483
137900 0.000596919
138000 0.000597161
138100 0.000597463
138200 0.000597927
138300 0.000598315
138400 0.000598822
138500 0.000599566
138600 0.000599645
138700 0.000600176
138800 0.000600612
138900 0.000601119
139000 0.00060181
139100 0.000601757
139200 0.000602671
139300 0.00060279
139400 0.000603191
139500 0.000603729
139600 0.000604
139700 0.000605035
139800 0.000604971
139900 0.000605232
140000 0.000605621
140100 0.000606231
140200 0.00060742
140300 0.00060784
140400 0.00060726
140500 0.000607939
140600 0.000608365
140700 0.000609051
140800 0.000609164
140900 0.000609519
141000 0.000610052
141100 0.000610532
141200 0.000610978
141300 0.000611326
141400 0.000621728
141500 0.000612301
141600 0.000612717
141700 0.00061301
141800 0.000613277
141900 0.000614154
142000 0.000614374
142100 0.000615155
142200 0.00061516
142300 0.000616077
142400 0.000616379
142500 0.000616949
142600 0.000617792
142700 0.000617502
142800 0.000618061
142900 0.000618657
143000 0.000618681
143100 0.000619707
143200 0.000619716
143300 0.000620153
143400 0.00062136
143500 0.000621066
143600 0.000621404
143700 0.000621587
143800 0.000622601
143900 0.000623132
144000 0.000624231
144100 0.000623847
144200 0.000624874
144300 0.00062478
144400 0.000625567
144500 0.000625887
144600 0.000626065
144700 0.000627033
144800 0.000626483
144900 0.000626901
145000 0.000627526
145100 0.000628209
145200 0.00062828
145300 0.000628841
145400 0.000629039
145500 0.000629629
145600 0.00062999
145700 0.000630345
145800 0.000630984
145900 0.000631723
146000 0.00063191
146100 0.000632683
146200 0.000632394
146300 0.000633012
146400 0.00063348
146500 0.000633869
146600 0.000634481
146700 0.000634174
146800 0.000635146
146900 0.000636336
147000 0.000636289
147100 0.00063715
147200 0.00063705
147300 0.000637686
147400 0.000638344
147500 0.000638763
147600 0.000639069
147700 0.00063947
147800 0.000639741
147900 0.000640002
148000 0.000640299
148100 0.000640787
148200 0.000642141
148300 0.000641771
148400 0.000642427
148500 0.000642594
148600 0.000643413
148700 0.000643569
148800 0.000644312
148900 0.000644829
149000 0.000645652
149100 0.000645842
149200 0.000645424
149300 0.000645917
149400 0.000645862
149500 0.000646795
149600 0.000647582
149700 0.000648283
149800 0.000648814
149900 0.00064918
150000 0.000649286
150100 0.000649711
150200 0.000650939
150300 0.000650898
150400 0.000650986
150500 0.00065116
150600 0.000651399
150700 0.000652095
150800 0.000652551
150900 0.000653482
151000 0.000653411
151100 0.000654214
151200 0.00065466
151300 0.00065514
151400 0.000655835
151500 0.000656227
151600 0.000656408
151700 0.000656878
151800 0.000657271
151900 0.000657258
152000 0.000657601
152100 0.00065857
152200 0.000659251
152300 0.00065921
152400 0.00065945
152500 0.000659903
152600 0.000660334
152700 0.000660775
152800 0.000661655
152900 0.00066172
153000 0.00066246
153100 0.000662422
153200 0.0006635
153300 0.000663231
153400 0.000663157
153500 0.000664169
153600 0.000664574
153700 0.000665206
153800 0.000665888
153900 0.000665777
154000 0.000666618
154100 0.000666693
154200 0.000666903
154300 0.000667699
154400 0.00066867
154500 0.000668558
154600 0.000669285
154700 0.000669876
154800 0.000670058
154900 0.000670456
155000 0.000670389
155100 0.000671836
155200 0.00067167
155300 0.000672346
155400 0.000672765
155500 0.000672792
155600 0.00067332
155700 0.000673725
155800 0.000674282
155900 0.000674693
156000 0.000675542
156100 0.000675747
156200 0.00067696
156300 0.000676658
156400 0.000676492
156500 0.000677642
156600 0.00067874
156700 0.000678298
156800 0.000678942
156900 0.000679043
157000 0.000679088
157100 0.000679675
157200 0.000680357
157300 0.000680852
157400 0.000681669
157500 0.000682026
157600 0.000682411
157700 0.000682193
157800 0.000682752
157900 0.000683681
158000 0.000684017
158100 0.000684374
158200 0.000684291
158300 0.000684775
158400 0.000685358
158500 0.000685944
158600 0.000686044
158700 0.000686726
158800 0.000687236
158900 0.000686977
159000 0.000688239
159100 0.000689013
159200 0.00068922
159300 0.000699535
159400 0.000689798
159500 0.00069038
159600 0.000690123
159700 0.000690789
159800 0.000691362
159900 0.000691816
160000 0.000692278
160100 0.000693012
160200 0.000693793
160300 0.000693787
160400 0.000694168
160500 0.000694953
160600 0.000695426
160700 0.000695498
160800 0.000696175
160900 0.000696608
161000 0.000697096
161100 0.00069736
161200 0.000697701
161300 0.000698331
161400 0.000698831
161500 0.000698962
161600 0.000699613
161700 0.000699419
161800 0.00069991
161900 0.000700441
162000 0.00070089
162100 0.000701908
162200 0.000702097
162300 0.000702774
162400 0.000703359
162500 0.000703945
162600 0.000703837
162700 0.000704907
162800 0.000705153
162900 0.000705146
163000 0.000706089
163100 0.000704888
163200 0.000705835
163300 0.000706162
163400 0.000706691
163500 0.000707416
163600 0.000707679
163700 0.000708203
163800 0.000708791
163900 0.000709395
164000 0.000709519
164100 0.000709962
164200 0.00071031
164300 0.000710175
164400 0.00071156
164500 0.000711909
164600 0.00071151
164700 0.000712436
164800 0.000713747
164900 0.000713191
165000 0.000713503
165100 0.000714706
165200 0.000714886
165300 0.000715113
165400 0.00071563
165500 0.000716714
165600 0.000716664
165700 0.000716975
165800 0.000718062
165900 0.000718106
166000 0.00071822
166100 0.000718677
166200 0.000719806
166300 0.000719771
166400 0.000720205
166500 0.000720768
166600 0.00072108
166700 0.00072094
166800 0.000721713
166900 0.000722074
167000 0.000722566
167100 0.000722946
167200 0.000723587
167300 0.000723782
167400 0.000723989
167500 0.00072448
167600 0.000725273
167700 0.000725259
167800 0.000725684
167900 0.000726182
168000 0.000726495
168100 0.000727104
168200 0.00072741
168300 0.000728307
168400 0.000729049
168500 0.000729806
168600 0.000729659
168700 0.000729691
168800 0.00073006
168900 0.000730716
169000 0.00073087
169100 0.000731407
169200 0.000732041
169300 0.000732588
169400 0.00073305
169500 0.000733362
169600 0.000734112
169700 0.000734531
169800 0.000734876
169900 0.00073488
170000 0.000735308
170100 0.000735666
170200 0.000735423
170300 0.000736977
170400 0.000737048
170500 0.000737445
170600 0.00073809
170700 0.000738701
170800 0.000738987
170900 0.000739504
171000 0.000740549
171100 0.000740328
171200 0.000740588
171300 0.000741081
171400 0.000741411
171500 0.000742059
171600 0.000742663
171700 0.000742546
171800 0.000742938
171900 0.000743637
172000 0.000744603
172100 0.000744194
172200 0.000744663
172300 0.000745415
172400 0.000745912
172500 0.000746646
172600 0.000747254
172700 0.000747311
172800 0.000747805
172900 0.000747058
173000 0.000748379
173100 0.000749213
173200 0.000749452
173300 0.000750059
173400 0.000750321
173500 0.000750491
173600 0.000751436
173700 0.000751763
173800 0.000752154
173900 0.000752753
174000 0.000753271
174100 0.000752916
174200 0.000753151
174300 0.00075408
174400 0.000754204
174500 0.00075545
174600 0.000754665
174700 0.000755113
174800 0.000756068
174900 0.000756338
175000 0.000757106
175100 0.000757614
175200 0.000758075
175300 0.000758831
175400 0.000759542
175500 0.000759458
175600 0.00075965
175700 0.000759838
175800 0.000760456
175900 0.00077768
176000 0.000761946
176100 0.000761781
176200 0.000762123
176300 0.0007621
176400 0.000762899
176500 0.000763605
176600 0.000764637
176700 0.00076478
176800 0.000765056
176900 0.000765318
177000 0.000765395
177100 0.000765975
177200 0.000766449
177300 0.00076753
177400 0.000767733
177500 0.000768232
177600 0.000768228
177700 0.000768893
177800 0.000769599
177900 0.000769973
178000 0.000770207
178100 0.000770394
178200 0.000770832
178300 0.000771305
178400 0.000771852
178500 0.000772874
178600 0.00077351
178700 0.00077361
178800 0.000773605
178900 0.00077423
179000 0.000775261
179100 0.000775996
179200 0.000775667
179300 0.000776285
179400 0.000776318
179500 0.00077716
179600 0.000783986
179700 0.00077792
179800 0.000777942
179900 0.00077838
180000 0.000778941
180100 0.000778894
180200 0.000779298
180300 0.000778908
180400 0.000780588
180500 0.000781253
180600 0.00078183
180700 0.00078161
180800 0.000782519
180900 0.000782362
181000 0.000783384
181100 0.000783486
181200 0.000784338
181300 0.00078485
181400 0.000784864
181500 0.000785005
181600 0.000786189
181700 0.000786163
181800 0.000786169
181900 0.000785739
182000 0.000786892
182100 0.000787765
182200 0.000789257
182300 0.000788889
182400 0.000789186
182500 0.000791808
182600 0.00079715
182700 0.00079256
182800 0.000791226
182900 0.000792275
183000 0.000791596
183100 0.000793001
183200 0.000792529
183300 0.000793163
183400 0.000793148
183500 0.000793649
183600 0.000794092
183700 0.00079439
183800 0.000794702
183900 0.000795194
184000 0.000795899
184100 0.000796202
184200 0.000796404
184300 0.000796775
184400 0.000796898
184500 0.00079799
184600 0.00079829
184700 0.000798659
184800 0.000799121
184900 0.000799584
185000 0.000800312
185100 0.000800255
185200 0.000800766
185300 0.000801235
185400 0.000801604
185500 0.000802088
185600 0.00080274
185700 0.000802949
185800 0.000803462
185900 0.000804053
186000 0.00080442
186100 0.000804897
186200 0.000805533
186300 0.000805649
186400 0.000806173
186500 0.000806906
186600 0.000807311
186700 0.000807626
186800 0.00080805
186900 0.000808383
187000 0.000808881
187100 0.000809249
187200 0.000809829
187300 0.000810037
187400 0.00081039
187500 0.000810686
187600 0.000811574
187700 0.000811628
187800 0.000811867
187900 0.000812878
188000 0.000813034
188100 0.000813365
188200 0.000814482
188300 0.000814834
188400 0.000814819
188500 0.000815107
188600 0.000815642
188700 0.000816376
188800 0.000816505
188900 0.000817155
189000 0.00081751
189100 0.000817993
189200 0.000818881
189300 0.000828822
189400 0.000818956
189500 0.000819576
189600 0.000819524
189700 0.000820654
189800 0.00082099
189900 0.00082119
190000 0.000821485
190100 0.00082218
190200 0.000822294
190300 0.000822757
190400 0.000823807
190500 0.000823948
190600 0.00082432
190700 0.00082598
190800 0.000824998
190900 0.000825379
191000 0.000825843
191100 0.000826409
191200 0.000826833
191300 0.000827223
191400 0.000827667
191500 0.00082808
191600 0.000828661
191700 0.00082905
191800 0.000828637
191900 0.000829683
192000 0.000830056
192100 0.000830608
192200 0.000831423
192300 0.000831786
192400 0.00083208
192500 0.000832351
192600 0.000832486
192700 0.000833575
192800 0.000833973
192900 0.00083428
193000 0.000834365
193100 0.000835061
193200 0.000835603
193300 0.00083568
193400 0.00083691
193500 0.000843427
193600 0.000851175
193700 0.000859082
193800 0.000866454
193900 0.000839341
194000 0.000839194
194100 0.000839701
194200 0.000840435
194300 0.000840549
194400 0.000841058
194500 0.000840272
194600 0.000841653
194700 0.000842116
194800 0.000842347
194900 0.000845377
195000 0.000845349
195100 0.00084427
195200 0.000844243
195300 0.000845516
195400 0.000845547
195500 0.000846356
195600 0.000845874
195700 0.000847278
195800 0.000846898
195900 0.000869684
196000 0.000919663
196100 0.000902731
196200 0.000974812
196300 0.000861746
196400 0.000861572
196500 0.000853181
196600 0.000858375
196700 0.00085986
196800 0.000854937
196900 0.000859713
197000 0.000857083
197100 0.000857262
197200 0.000863161
197300 0.000861495
197400 0.000857529
197500 0.000856547
197600 0.00086356
197700 0.000858541
197800 0.000857286
197900 0.000859176
198000 0.000858516
198100 0.000859636
198200 0.000862053
198300 0.000857696
198400 0.00085824
198500 0.000858692
198600 0.000858835
198700 0.000859118
198800 0.000859809
198900 0.000860688
199000 0.000860602
199100 0.000860306
199200 0.000861923
199300 0.000862551
199400 0.000862619
199500 0.000862562
199600 0.000863185
199700 0.000863274
199800 0.000864086
199900 0.00087499
200000 0.000865056